1.002 0 0.000000 0 0.000000
1.012 0 0.000000 0 0.000000
1.022 0 0.000000 0 0.000000
1.032 0 0.000000 0 0.000000
1.042 0 0.000000 0 0.000000
1.052 0 0.000000 0 0.000000
1.062 0 0.000000 0 0.000000
1.072 0 0.000000 0 0.000000
1.082 0 0.000000 0 0.000000
1.092 0 0.000000 0 0.000000
1.102 0 0.000000 0 0.000000
1.112 0 0.000000 0 0.000000
1.122 0 0.000000 0 0.000000
1.132 0 0.000000 0 0.000000
1.142 0 0.000000 0 0.000000
1.152 0 0.000000 0 0.000000
1.162 0 0.000000 0 0.000000
1.172 0 0.000000 0 0.000000
1.182 0 0.000000 0 0.000000
1.192 0 0.000000 0 0.000000
1.202 0 0.000000 0 0.000000
1.212 0 0.000000 0 0.000000
1.222 0 0.000000 0 0.000000
1.232 0 0.000000 0 0.000000
1.242 0 0.000000 0 0.000000
1.252 0 0.000000 0 0.000000
1.262 0 0.000000 0 0.000000
1.272 0 0.000000 0 0.000000
1.282 0 0.000000 0 0.000000
1.292 0 0.000000 0 0.000000
1.302 0 0.000000 0 0.000000
1.312 0 0.000000 0 0.000000
1.323 0 0.000000 0 0.000000
1.333 0 0.000000 0 0.000000
1.343 0 0.000000 0 0.000000
1.353 0 0.000000 0 0.000000
1.363 0 0.000000 0 0.000000
1.373 0 0.000000 0 0.000000
1.383 0 0.000000 0 0.000000
1.393 0 0.000000 0 0.000000
1.403 0 0.000000 0 0.000000
1.413 0 0.000000 0 0.000000
1.423 0 0.000000 0 0.000000
1.433 0 0.000000 0 0.000000
1.443 0 0.000000 0 0.000000
1.453 0 0.000000 0 0.000000
1.463 0 0.000000 0 0.000000
1.473 0 0.000000 0 0.000000
1.483 0 0.000000 0 0.000000
1.494 0 0.000000 0 0.000000
1.504 0 0.000000 0 0.000000
1.514 0 0.000000 0 0.000000
1.524 0 0.000000 0 0.000000
1.534 0 0.000000 0 0.000000
1.544 0 0.000000 0 0.000000
1.554 0 0.000000 0 0.000000
1.564 0 0.000000 0 0.000000
1.574 0 0.000000 0 0.000000
1.584 0 0.000000 0 0.000000
1.594 0 0.000000 0 0.000000
1.604 0 0.000000 0 0.000000
1.614 0 0.000000 0 0.000000
1.624 0 0.000000 0 0.000000
1.634 0 0.000000 0 0.000000
1.644 0 0.000000 0 0.000000
1.654 0 0.000000 0 0.000000
1.664 0 0.000000 0 0.000000
1.674 0 0.000000 0 0.000000
1.684 0 0.000000 0 0.000000
1.694 0 0.000000 0 0.000000
1.704 0 0.000000 0 0.000000
1.714 0 0.000000 0 0.000000
1.724 0 0.000000 0 0.000000
1.734 0 0.000000 0 0.000000
1.744 0 0.000000 0 0.000000
1.754 0 0.000000 0 0.000000
1.764 0 0.000000 0 0.000000
1.774 0 0.000000 0 0.000000
1.784 0 0.000000 0 0.000000
1.794 0 0.000000 0 0.000000
1.804 0 0.000000 0 0.000000
1.814 0 0.000000 0 0.000000
1.824 0 0.000000 0 0.000000
1.835 0 0.000000 0 0.000000
1.845 0 0.000000 0 0.000000
1.855 0 0.000000 0 0.000000
1.865 0 0.000000 0 0.000000
1.875 0 0.000000 0 0.000000
1.885 0 0.000000 0 0.000000
1.895 0 0.000000 0 0.000000
1.905 0 0.000000 0 0.000000
1.915 0 0.000000 0 0.000000
1.925 0 0.000000 0 0.000000
1.935 0 0.000000 0 0.000000
1.945 0 0.000000 0 0.000000
1.955 0 0.000000 0 0.000000
1.965 0 0.000000 0 0.000000
1.975 0 0.000000 0 0.000000
1.985 0 0.000000 0 0.000000
1.995 0 0.000000 0 0.000000
2.006 300 0.023440 300 0.023440
2.016 300 0.206274 300 0.232058
2.026 300 0.386763 300 0.386763
2.036 300 0.502792 300 0.515684
2.046 300 0.580145 300 0.593037
2.056 300 0.567253 300 0.593037
2.066 300 0.670389 300 0.696174
2.076 300 0.709066 300 0.721958
2.086 300 0.760634 300 0.747742
2.096 300 0.683282 300 0.683282
2.106 300 0.786418 300 0.786418
2.116 300 0.799310 300 0.786418
2.126 300 0.812203 300 0.812203
2.136 300 0.747742 300 0.734850
2.146 300 0.837987 300 0.812203
2.156 300 0.837987 300 0.825095
2.166 300 0.850879 300 0.825095
2.176 300 0.760634 300 0.747742
2.186 300 0.863771 300 0.850879
2.196 300 0.863771 300 0.837987
2.206 300 0.863771 300 0.850879
2.216 300 0.863771 300 0.837987
2.226 300 0.799310 300 0.773526
2.236 300 0.863771 300 0.850879
2.246 300 0.850879 300 0.850879
2.256 300 0.876663 300 0.876663
2.266 300 0.773526 300 0.760634
2.276 300 0.863771 300 0.863771
2.286 300 0.863771 300 0.850879
2.296 300 0.876663 300 0.863771
2.306 300 0.773526 300 0.773526
2.316 300 0.876663 300 0.863771
2.326 300 0.863771 300 0.850879
2.336 300 0.889555 300 0.863771
2.347 300 0.785246 300 0.785246
2.357 300 0.863771 300 0.863771
2.367 300 0.889555 300 0.863771
2.377 300 0.863771 300 0.850879
2.387 300 0.876663 300 0.850879
2.397 300 0.786418 300 0.773526
2.407 300 0.876663 300 0.850879
2.417 300 0.876663 300 0.863771
2.427 300 0.876663 300 0.850879
2.437 300 0.799310 300 0.773526
2.447 300 0.876663 300 0.850879
2.457 300 0.889555 300 0.863771
2.467 300 0.876663 300 0.850879
2.477 300 0.786418 300 0.773526
2.487 300 0.876663 300 0.850879
2.497 300 0.876663 300 0.863771
2.507 300 0.889555 300 0.863771
2.518 300 0.796967 300 0.785246
2.528 300 0.889555 300 0.863771
2.538 300 0.863771 300 0.863771
2.548 300 0.889555 300 0.863771
2.558 300 0.876663 300 0.863771
2.568 300 0.786418 300 0.773526
2.578 300 0.876663 300 0.863771
2.588 300 0.889555 300 0.850879
2.598 300 0.889555 300 0.876663
2.608 300 0.786418 300 0.773526
2.618 300 0.889555 300 0.863771
2.628 300 0.876663 300 0.863771
2.638 300 0.889555 300 0.863771
2.648 300 0.799310 300 0.786418
2.658 300 0.876663 300 0.863771
2.668 300 0.876663 300 0.863771
2.678 300 0.889555 300 0.863771
2.688 300 0.799310 300 0.773526
2.698 300 0.876663 300 0.863771
2.708 300 0.889555 300 0.863771
2.718 300 0.889555 300 0.850879
2.728 300 0.889555 300 0.876663
2.738 300 0.799310 300 0.773526
2.748 300 0.889555 300 0.863771
2.758 300 0.876663 300 0.863771
2.768 300 0.889555 300 0.850879
2.778 300 0.799310 300 0.786418
2.788 300 0.889555 300 0.850879
2.798 300 0.902447 300 0.876663
2.808 300 0.889555 300 0.863771
2.818 300 0.799310 300 0.786418
2.828 300 0.889555 300 0.850879
2.838 300 0.889555 300 0.876663
2.848 300 0.902447 300 0.863771
2.859 300 0.796967 300 0.785246
2.869 300 0.902447 300 0.863771
2.879 300 0.902447 300 0.863771
2.889 300 0.889555 300 0.850879
2.899 300 0.876663 300 0.863771
2.909 300 0.812203 300 0.786418
2.919 300 0.889555 300 0.850879
2.929 300 0.889555 300 0.863771
2.939 300 0.902447 300 0.863771
2.949 300 0.812203 300 0.773526
2.959 300 0.889555 300 0.863771
2.969 300 0.889555 300 0.863771
2.979 300 0.902447 300 0.876663
2.989 300 0.799310 300 0.773526
2.999 300 0.902447 300 0.863771
3.009 0 0.850879 0 0.799310
3.019 0 0.631713 0 0.554360
3.030 0 0.433644 0 0.351603
3.040 0 0.348087 0 0.244950
3.050 0 0.257842 0 0.154705
3.060 0 0.193382 0 0.077353
3.070 0 0.128921 0 0.038676
3.080 0 0.077353 0 0.000000
3.090 0 0.064461 0 0.000000
3.100 0 0.012892 0 0.000000
3.110 0 0.012892 0 0.000000
3.120 0 0.000000 0 0.000000
3.130 0 0.000000 0 0.000000
3.140 0 0.000000 0 0.000000
3.150 0 0.000000 0 0.000000
3.160 0 0.000000 0 0.000000
3.170 0 0.000000 0 0.000000
3.180 0 0.000000 0 0.000000
3.190 0 0.000000 0 0.000000
3.200 0 0.000000 0 0.000000
3.210 0 0.000000 0 0.000000
3.220 0 0.000000 0 0.000000
3.230 0 0.000000 0 0.000000
3.240 0 0.000000 0 0.000000
3.250 0 0.000000 0 0.000000
3.260 0 0.000000 0 0.000000
3.270 0 0.000000 0 0.000000
3.280 0 0.000000 0 0.000000
3.290 0 0.000000 0 0.000000
3.300 0 0.000000 0 0.000000
3.310 0 0.000000 0 0.000000
3.320 0 0.000000 0 0.000000
3.330 0 0.000000 0 0.000000
3.340 0 0.000000 0 0.000000
3.350 0 0.000000 0 0.000000
3.360 0 0.000000 0 0.000000
3.371 0 0.000000 0 0.000000
3.381 0 0.000000 0 0.000000
3.391 0 0.000000 0 0.000000
3.401 0 0.000000 0 0.000000
3.411 0 0.000000 0 0.000000
3.421 0 0.000000 0 0.000000
3.431 0 0.000000 0 0.000000
3.441 0 0.000000 0 0.000000
3.451 0 0.000000 0 0.000000
3.461 0 0.000000 0 0.000000
3.471 0 0.000000 0 0.000000
3.481 0 0.000000 0 0.000000
3.491 0 0.000000 0 0.000000
3.501 0 0.000000 0 0.000000
3.511 0 0.000000 0 0.000000
3.521 0 0.000000 0 0.000000
3.531 0 0.000000 0 0.000000
3.542 0 0.000000 0 0.000000
3.552 0 0.000000 0 0.000000
3.562 0 0.000000 0 0.000000
3.572 0 0.000000 0 0.000000
3.582 0 0.000000 0 0.000000
3.592 0 0.000000 0 0.000000
3.602 0 0.000000 0 0.000000
3.612 0 0.000000 0 0.000000
3.622 0 0.000000 0 0.000000
3.632 0 0.000000 0 0.000000
3.642 0 0.000000 0 0.000000
3.652 0 0.000000 0 0.000000
3.662 0 0.000000 0 0.000000
3.672 0 0.000000 0 0.000000
3.682 0 0.000000 0 0.000000
3.692 0 0.000000 0 0.000000
3.702 0 0.000000 0 0.000000
3.712 0 0.000000 0 0.000000
3.722 0 0.000000 0 0.000000
3.732 0 0.000000 0 0.000000
3.742 0 0.000000 0 0.000000
3.752 0 0.000000 0 0.000000
3.762 0 0.000000 0 0.000000
3.772 0 0.000000 0 0.000000
3.782 0 0.000000 0 0.000000
3.792 0 0.000000 0 0.000000
3.802 0 0.000000 0 0.000000
3.812 0 0.000000 0 0.000000
3.822 0 0.000000 0 0.000000
3.832 0 0.000000 0 0.000000
3.842 0 0.000000 0 0.000000
3.852 0 0.000000 0 0.000000
3.862 0 0.000000 0 0.000000
3.872 0 0.000000 0 0.000000
3.883 0 0.000000 0 0.000000
3.893 0 0.000000 0 0.000000
3.903 0 0.000000 0 0.000000
3.913 0 0.000000 0 0.000000
3.923 0 0.000000 0 0.000000
3.933 0 0.000000 0 0.000000
3.943 0 0.000000 0 0.000000
3.953 0 0.000000 0 0.000000
3.963 0 0.000000 0 0.000000
3.973 0 0.000000 0 0.000000
3.983 0 0.000000 0 0.000000
3.993 0 0.000000 0 0.000000
4.003 300 0.000000 300 0.012892
4.013 300 0.154705 300 0.154705
4.023 300 0.348087 300 0.360979
4.033 300 0.489900 300 0.489900
4.043 300 0.580145 300 0.580145
4.054 300 0.586005 300 0.597725
4.064 300 0.683282 300 0.696174
4.074 300 0.747742 300 0.734850
4.084 300 0.773526 300 0.747742
4.094 300 0.812203 300 0.773526
4.104 300 0.734850 300 0.709066
4.114 300 0.837987 300 0.799310
4.124 300 0.850879 300 0.812203
4.134 300 0.863771 300 0.825095
4.144 300 0.786418 300 0.734850
4.154 300 0.876663 300 0.850879
4.164 300 0.863771 300 0.825095
4.174 300 0.876663 300 0.837987
4.184 300 0.799310 300 0.773526
4.194 300 0.876663 300 0.850879
4.204 300 0.889555 300 0.850879
4.214 300 0.876663 300 0.850879
4.224 300 0.799310 300 0.773526
4.234 300 0.889555 300 0.850879
4.244 300 0.889555 300 0.863771
4.254 300 0.889555 300 0.850879
4.264 300 0.889555 300 0.863771
4.274 300 0.812203 300 0.773526
4.284 300 0.889555 300 0.850879
4.294 300 0.889555 300 0.850879
4.304 300 0.902447 300 0.850879
4.314 300 0.799310 300 0.760634
4.324 300 0.889555 300 0.850879
4.334 300 0.902447 300 0.863771
4.344 300 0.902447 300 0.850879
4.354 300 0.812203 300 0.773526
4.364 300 0.902447 300 0.850879
4.374 300 0.902447 300 0.863771
4.384 300 0.902447 300 0.863771
4.395 300 0.820407 300 0.773526
4.405 300 0.902447 300 0.863771
4.415 300 0.902447 300 0.863771
4.425 300 0.902447 300 0.850879
4.435 300 0.915339 300 0.863771
4.445 300 0.812203 300 0.773526
4.455 300 0.902447 300 0.850879
4.465 300 0.902447 300 0.850879
4.475 300 0.915339 300 0.863771
4.485 300 0.812203 300 0.773526
4.495 300 0.902447 300 0.863771
4.505 300 0.902447 300 0.850879
4.515 300 0.902447 300 0.863771
4.525 300 0.825095 300 0.786418
4.535 300 0.902447 300 0.863771
4.545 300 0.902447 300 0.863771
4.555 300 0.902447 300 0.876663
4.566 300 0.832127 300 0.785246
4.576 300 0.915339 300 0.876663
4.586 300 0.902447 300 0.850879
4.596 300 0.902447 300 0.863771
4.606 300 0.902447 300 0.863771
4.616 300 0.825095 300 0.773526
4.626 300 0.902447 300 0.863771
4.636 300 0.915339 300 0.863771
4.646 300 0.915339 300 0.850879
4.656 300 0.812203 300 0.786418
4.666 300 0.902447 300 0.850879
4.676 300 0.915339 300 0.863771
4.686 300 0.915339 300 0.876663
4.696 300 0.825095 300 0.773526
4.706 300 0.902447 300 0.850879
4.716 300 0.915339 300 0.863771
4.726 300 0.902447 300 0.863771
4.736 300 0.825095 300 0.773526
4.746 300 0.915339 300 0.863771
4.756 300 0.915339 300 0.863771
4.766 300 0.902447 300 0.850879
4.776 300 0.902447 300 0.863771
4.786 300 0.812203 300 0.773526
4.796 300 0.915339 300 0.876663
4.806 300 0.902447 300 0.863771
4.816 300 0.915339 300 0.863771
4.826 300 0.812203 300 0.786418
4.836 300 0.902447 300 0.863771
4.846 300 0.915339 300 0.863771
4.856 300 0.902447 300 0.863771
4.866 300 0.825095 300 0.773526
4.876 300 0.902447 300 0.850879
4.886 300 0.915339 300 0.863771
4.896 300 0.902447 300 0.863771
4.907 300 0.832127 300 0.785246
4.917 300 0.902447 300 0.850879
4.927 300 0.915339 300 0.876663
4.937 300 0.902447 300 0.863771
4.947 300 0.902447 300 0.863771
4.957 300 0.825095 300 0.786418
4.967 300 0.902447 300 0.863771
4.977 300 0.928232 300 0.876663
4.987 300 0.902447 300 0.863771
4.997 300 0.812203 300 0.773526
5.007 0 0.889555 0 0.837987
5.017 0 0.683282 0 0.618821
5.027 0 0.515684 0 0.412547
5.037 0 0.348087 0 0.257842
5.047 0 0.283626 0 0.167597
5.057 0 0.206274 0 0.116029
5.067 0 0.141813 0 0.051568
5.078 0 0.093761 0 0.011720
5.088 0 0.064461 0 0.000000
5.098 0 0.025784 0 0.000000
5.108 0 0.000000 0 0.000000
5.118 0 0.000000 0 0.000000
5.128 0 0.000000 0 0.000000
5.138 0 0.000000 0 0.000000
5.148 0 0.000000 0 0.000000
5.158 0 0.000000 0 0.000000
5.168 0 0.000000 0 0.000000
5.178 0 0.000000 0 0.000000
5.188 0 0.000000 0 0.000000
5.198 0 0.000000 0 0.000000
5.208 0 0.000000 0 0.000000
5.218 0 0.000000 0 0.000000
5.228 0 0.000000 0 0.000000
5.238 0 0.000000 0 0.000000
5.248 0 0.000000 0 0.000000
5.258 0 0.000000 0 0.000000
5.268 0 0.000000 0 0.000000
5.278 0 0.000000 0 0.000000
5.288 0 0.000000 0 0.000000
5.298 0 0.000000 0 0.000000
5.308 0 0.000000 0 0.000000
5.318 0 0.000000 0 0.000000
5.328 0 0.000000 0 0.000000
5.338 0 0.000000 0 0.000000
5.348 0 0.000000 0 0.000000
5.358 0 0.000000 0 0.000000
5.368 0 0.000000 0 0.000000
5.378 0 0.000000 0 0.000000
5.388 0 0.000000 0 0.000000
5.398 0 0.000000 0 0.000000
5.408 0 0.000000 0 0.000000
5.419 0 0.000000 0 0.000000
5.429 0 0.000000 0 0.000000
5.439 0 0.000000 0 0.000000
5.449 0 0.000000 0 0.000000
5.459 0 0.000000 0 0.000000
5.469 0 0.000000 0 0.000000
5.479 0 0.000000 0 0.000000
5.489 0 0.000000 0 0.000000
5.499 0 0.000000 0 0.000000
5.509 0 0.000000 0 0.000000
5.519 0 0.000000 0 0.000000
5.529 0 0.000000 0 0.000000
5.539 0 0.000000 0 0.000000
5.549 0 0.000000 0 0.000000
5.559 0 0.000000 0 0.000000
5.569 0 0.000000 0 0.000000
5.579 0 0.000000 0 0.000000
5.590 0 0.000000 0 0.000000
5.600 0 0.000000 0 0.000000
5.610 0 0.000000 0 0.000000
5.620 0 0.000000 0 0.000000
5.630 0 0.000000 0 0.000000
5.640 0 0.000000 0 0.000000
5.650 0 0.000000 0 0.000000
5.660 0 0.000000 0 0.000000
5.670 0 0.000000 0 0.000000
5.680 0 0.000000 0 0.000000
5.690 0 0.000000 0 0.000000
5.700 0 0.000000 0 0.000000
5.710 0 0.000000 0 0.000000
5.720 0 0.000000 0 0.000000
5.730 0 0.000000 0 0.000000
5.740 0 0.000000 0 0.000000
5.750 0 0.000000 0 0.000000
5.760 0 0.000000 0 0.000000
5.770 0 0.000000 0 0.000000
5.780 0 0.000000 0 0.000000
5.790 0 0.000000 0 0.000000
5.800 0 0.000000 0 0.000000
5.810 0 0.000000 0 0.000000
5.820 0 0.000000 0 0.000000
5.830 0 0.000000 0 0.000000
5.840 0 0.000000 0 0.000000
5.850 0 0.000000 0 0.000000
5.860 0 0.000000 0 0.000000
5.870 0 0.000000 0 0.000000
5.880 0 0.000000 0 0.000000
5.890 0 0.000000 0 0.000000
5.900 0 0.000000 0 0.000000
5.910 0 0.000000 0 0.000000
5.920 0 0.000000 0 0.000000
5.931 0 0.000000 0 0.000000
5.941 0 0.000000 0 0.000000
5.951 0 0.000000 0 0.000000
5.961 0 0.000000 0 0.000000
5.971 0 0.000000 0 0.000000
5.981 0 0.000000 0 0.000000
5.991 0 0.000000 0 0.000000
6.001 300 0.000000 300 0.000000
6.011 300 0.128921 300 0.128921
6.021 300 0.296518 300 0.296518
6.031 300 0.477008 300 0.451224
6.041 300 0.567253 300 0.567253
6.051 300 0.631713 300 0.644605
6.061 300 0.605929 300 0.618821
6.071 300 0.734850 300 0.721958
6.081 300 0.773526 300 0.760634
6.091 300 0.799310 300 0.760634
6.102 300 0.750086 300 0.714926
6.112 300 0.837987 300 0.799310
6.122 300 0.863771 300 0.825095
6.132 300 0.863771 300 0.825095
6.142 300 0.863771 300 0.825095
6.152 300 0.786418 300 0.747742
6.162 300 0.876663 300 0.850879
6.172 300 0.889555 300 0.850879
6.182 300 0.889555 300 0.850879
6.192 300 0.812203 300 0.773526
6.202 300 0.889555 300 0.850879
6.212 300 0.889555 300 0.863771
6.222 300 0.915339 300 0.863771
6.232 300 0.812203 300 0.773526
6.242 300 0.902447 300 0.850879
6.252 300 0.902447 300 0.850879
6.262 300 0.902447 300 0.876663
6.272 300 0.825095 300 0.773526
6.282 300 0.902447 300 0.876663
6.292 300 0.902447 300 0.850879
6.302 300 0.915339 300 0.876663
6.312 300 0.902447 300 0.850879
6.322 300 0.825095 300 0.773526
6.332 300 0.902447 300 0.863771
6.342 300 0.915339 300 0.863771
6.352 300 0.915339 300 0.850879
6.362 300 0.812203 300 0.786418
6.372 300 0.915339 300 0.863771
6.382 300 0.902447 300 0.850879
6.392 300 0.915339 300 0.876663
6.402 300 0.825095 300 0.773526
6.412 300 0.902447 300 0.863771
6.422 300 0.902447 300 0.863771
6.432 300 0.915339 300 0.863771
6.443 300 0.820407 300 0.785246
6.453 300 0.915339 300 0.876663
6.463 300 0.902447 300 0.863771
6.473 300 0.915339 300 0.863771
6.483 300 0.915339 300 0.876663
6.493 300 0.812203 300 0.773526
6.503 300 0.915339 300 0.876663
6.513 300 0.915339 300 0.876663
6.523 300 0.915339 300 0.863771
6.533 300 0.825095 300 0.773526
6.543 300 0.915339 300 0.876663
6.553 300 0.902447 300 0.863771
6.563 300 0.915339 300 0.876663
6.573 300 0.812203 300 0.773526
6.583 300 0.915339 300 0.863771
6.593 300 0.915339 300 0.863771
6.603 300 0.915339 300 0.863771
6.614 300 0.832127 300 0.796967
6.624 300 0.902447 300 0.863771
6.634 300 0.915339 300 0.863771
6.644 300 0.902447 300 0.876663
6.654 300 0.915339 300 0.876663
6.664 300 0.812203 300 0.773526
6.674 300 0.915339 300 0.876663
6.684 300 0.915339 300 0.863771
6.694 300 0.902447 300 0.876663
6.704 300 0.812203 300 0.773526
6.714 300 0.915339 300 0.863771
6.724 300 0.915339 300 0.863771
6.734 300 0.915339 300 0.876663
6.744 300 0.825095 300 0.786418
6.754 300 0.915339 300 0.863771
6.764 300 0.915339 300 0.850879
6.774 300 0.915339 300 0.876663
6.784 300 0.825095 300 0.786418
6.794 300 0.915339 300 0.863771
6.804 300 0.915339 300 0.863771
6.814 300 0.915339 300 0.876663
6.824 300 0.915339 300 0.863771
6.834 300 0.825095 300 0.786418
6.844 300 0.915339 300 0.863771
6.854 300 0.915339 300 0.876663
6.864 300 0.902447 300 0.850879
6.874 300 0.837987 300 0.786418
6.884 300 0.902447 300 0.863771
6.894 300 0.915339 300 0.850879
6.904 300 0.902447 300 0.876663
6.914 300 0.825095 300 0.773526
6.924 300 0.915339 300 0.863771
6.934 300 0.915339 300 0.876663
6.944 300 0.915339 300 0.863771
6.955 300 0.832127 300 0.796967
6.965 300 0.902447 300 0.876663
6.975 300 0.915339 300 0.863771
6.985 300 0.928232 300 0.876663
6.995 300 0.915339 300 0.863771
7.005 0 0.812203 0 0.786418
7.015 0 0.747742 0 0.657497
7.025 0 0.554360 0 0.451224
7.035 0 0.412547 0 0.296518
7.045 0 0.270734 0 0.180490
7.055 0 0.232058 0 0.116029
7.065 0 0.167597 0 0.064461
7.075 0 0.116029 0 0.012892
7.085 0 0.077353 0 0.000000
7.095 0 0.038676 0 0.000000
7.105 0 0.012892 0 0.000000
7.115 0 0.000000 0 0.000000
7.126 0 0.000000 0 0.000000
7.136 0 0.000000 0 0.000000
7.146 0 0.000000 0 0.000000
7.156 0 0.000000 0 0.000000
7.166 0 0.000000 0 0.000000
7.176 0 0.000000 0 0.000000
7.186 0 0.000000 0 0.000000
7.196 0 0.000000 0 0.000000
7.206 0 0.000000 0 0.000000
7.216 0 0.000000 0 0.000000
7.226 0 0.000000 0 0.000000
7.236 0 0.000000 0 0.000000
7.246 0 0.000000 0 0.000000
7.256 0 0.000000 0 0.000000
7.266 0 0.000000 0 0.000000
7.276 0 0.000000 0 0.000000
7.286 0 0.000000 0 0.000000
7.296 0 0.000000 0 0.000000
7.306 0 0.000000 0 0.000000
7.316 0 0.000000 0 0.000000
7.326 0 0.000000 0 0.000000
7.336 0 0.000000 0 0.000000
7.346 0 0.000000 0 0.000000
7.356 0 0.000000 0 0.000000
7.366 0 0.000000 0 0.000000
7.376 0 0.000000 0 0.000000
7.386 0 0.000000 0 0.000000
7.396 0 0.000000 0 0.000000
7.406 0 0.000000 0 0.000000
7.416 0 0.000000 0 0.000000
7.426 0 0.000000 0 0.000000
7.436 0 0.000000 0 0.000000
7.446 0 0.000000 0 0.000000
7.456 0 0.000000 0 0.000000
7.467 0 0.000000 0 0.000000
7.477 0 0.000000 0 0.000000
7.487 0 0.000000 0 0.000000
7.497 0 0.000000 0 0.000000
7.507 0 0.000000 0 0.000000
7.517 0 0.000000 0 0.000000
7.527 0 0.000000 0 0.000000
7.537 0 0.000000 0 0.000000
7.547 0 0.000000 0 0.000000
7.557 0 0.000000 0 0.000000
7.567 0 0.000000 0 0.000000
7.577 0 0.000000 0 0.000000
7.587 0 0.000000 0 0.000000
7.597 0 0.000000 0 0.000000
7.607 0 0.000000 0 0.000000
7.617 0 0.000000 0 0.000000
7.627 0 0.000000 0 0.000000
7.638 0 0.000000 0 0.000000
7.648 0 0.000000 0 0.000000
7.658 0 0.000000 0 0.000000
7.668 0 0.000000 0 0.000000
7.678 0 0.000000 0 0.000000
7.688 0 0.000000 0 0.000000
7.698 0 0.000000 0 0.000000
7.708 0 0.000000 0 0.000000
7.718 0 0.000000 0 0.000000
7.728 0 0.000000 0 0.000000
7.738 0 0.000000 0 0.000000
7.748 0 0.000000 0 0.000000
7.758 0 0.000000 0 0.000000
7.768 0 0.000000 0 0.000000
7.778 0 0.000000 0 0.000000
7.788 0 0.000000 0 0.000000
7.798 0 0.000000 0 0.000000
7.808 0 0.000000 0 0.000000
7.818 0 0.000000 0 0.000000
7.828 0 0.000000 0 0.000000
7.838 0 0.000000 0 0.000000
7.848 0 0.000000 0 0.000000
7.858 0 0.000000 0 0.000000
7.868 0 0.000000 0 0.000000
7.878 0 0.000000 0 0.000000
7.888 0 0.000000 0 0.000000
7.898 0 0.000000 0 0.000000
7.908 0 0.000000 0 0.000000
7.918 0 0.000000 0 0.000000
7.928 0 0.000000 0 0.000000
7.938 0 0.000000 0 0.000000
7.948 0 0.000000 0 0.000000
7.958 0 0.000000 0 0.000000
7.968 0 0.000000 0 0.000000
7.979 0 0.000000 0 0.000000
7.989 0 0.000000 0 0.000000
7.999 0 0.000000 0 0.000000
8.009 300 0.090245 300 0.090245
8.019 300 0.296518 300 0.283626
8.029 300 0.399655 300 0.399655
8.039 300 0.567253 300 0.541468
8.049 300 0.618821 300 0.631713
8.059 300 0.657497 300 0.670389
8.069 300 0.644605 300 0.644605
8.079 300 0.760634 300 0.747742
8.089 300 0.799310 300 0.773526
8.099 300 0.825095 300 0.786418
8.109 300 0.747742 300 0.721958
8.119 300 0.850879 300 0.812203
8.129 300 0.863771 300 0.825095
8.139 300 0.863771 300 0.825095
8.150 300 0.785246 300 0.761806
8.160 300 0.876663 300 0.837987
8.170 300 0.876663 300 0.850879
8.180 300 0.889555 300 0.863771
8.190 300 0.876663 300 0.850879
8.200 300 0.799310 300 0.773526
8.210 300 0.902447 300 0.863771
8.220 300 0.889555 300 0.850879
8.230 300 0.902447 300 0.863771
8.240 300 0.812203 300 0.786418
8.250 300 0.902447 300 0.863771
8.260 300 0.902447 300 0.863771
8.270 300 0.902447 300 0.863771
8.280 300 0.825095 300 0.773526
8.290 300 0.915339 300 0.863771
8.300 300 0.915339 300 0.876663
8.310 300 0.902447 300 0.863771
8.320 300 0.825095 300 0.786418
8.330 300 0.915339 300 0.863771
8.340 300 0.915339 300 0.876663
8.350 300 0.902447 300 0.876663
8.360 300 0.928232 300 0.876663
8.370 300 0.812203 300 0.786418
8.380 300 0.928232 300 0.876663
8.390 300 0.915339 300 0.876663
8.400 300 0.915339 300 0.863771
8.410 300 0.812203 300 0.773526
8.420 300 0.928232 300 0.863771
8.430 300 0.915339 300 0.863771
8.440 300 0.915339 300 0.863771
8.450 300 0.837987 300 0.786418
8.460 300 0.902447 300 0.850879
8.470 300 0.928232 300 0.863771
8.480 300 0.902447 300 0.863771
8.491 300 0.843847 300 0.796967
8.501 300 0.915339 300 0.863771
8.511 300 0.902447 300 0.863771
8.521 300 0.928232 300 0.863771
8.531 300 0.915339 300 0.876663
8.541 300 0.812203 300 0.773526
8.551 300 0.928232 300 0.876663
8.561 300 0.902447 300 0.850879
8.571 300 0.928232 300 0.876663
8.581 300 0.825095 300 0.786418
8.591 300 0.915339 300 0.863771
8.601 300 0.915339 300 0.863771
8.611 300 0.915339 300 0.876663
8.621 300 0.825095 300 0.773526
8.631 300 0.915339 300 0.876663
8.641 300 0.915339 300 0.863771
8.651 300 0.915339 300 0.876663
8.662 300 0.843847 300 0.796967
8.672 300 0.915339 300 0.876663
8.682 300 0.928232 300 0.863771
8.692 300 0.915339 300 0.876663
8.702 300 0.915339 300 0.863771
8.712 300 0.825095 300 0.786418
8.722 300 0.915339 300 0.876663
8.732 300 0.915339 300 0.876663
8.742 300 0.915339 300 0.863771
8.752 300 0.825095 300 0.799310
8.762 300 0.915339 300 0.863771
8.772 300 0.915339 300 0.876663
8.782 300 0.915339 300 0.889555
8.792 300 0.837987 300 0.786418
8.802 300 0.915339 300 0.876663
8.812 300 0.915339 300 0.876663
8.822 300 0.928232 300 0.889555
8.832 300 0.812203 300 0.786418
8.842 300 0.915339 300 0.876663
8.852 300 0.915339 300 0.889555
8.862 300 0.928232 300 0.876663
8.872 300 0.915339 300 0.889555
8.882 300 0.825095 300 0.799310
8.892 300 0.915339 300 0.876663
8.902 300 0.915339 300 0.889555
8.912 300 0.928232 300 0.889555
8.922 300 0.825095 300 0.799310
8.932 300 0.928232 300 0.889555
8.942 300 0.928232 300 0.889555
8.952 300 0.928232 300 0.889555
8.962 300 0.825095 300 0.799310
8.972 300 0.915339 300 0.876663
8.982 300 0.928232 300 0.889555
8.992 300 0.915339 300 0.889555
9.003 0 0.832127 0 0.796967
9.013 0 0.812203 0 0.747742
9.023 0 0.618821 0 0.515684
9.033 0 0.451224 0 0.348087
9.043 0 0.348087 0 0.219166
9.053 0 0.232058 0 0.116029
9.063 0 0.193382 0 0.077353
9.073 0 0.128921 0 0.038676
9.083 0 0.090245 0 0.000000
9.093 0 0.038676 0 0.000000
9.103 0 0.025784 0 0.000000
9.113 0 0.000000 0 0.000000
9.123 0 0.000000 0 0.000000
9.133 0 0.000000 0 0.000000
9.143 0 0.000000 0 0.000000
9.153 0 0.000000 0 0.000000
9.163 0 0.000000 0 0.000000
9.174 0 0.000000 0 0.000000
9.184 0 0.000000 0 0.000000
9.194 0 0.000000 0 0.000000
9.204 0 0.000000 0 0.000000
9.214 0 0.000000 0 0.000000
9.224 0 0.000000 0 0.000000
9.234 0 0.000000 0 0.000000
9.244 0 0.000000 0 0.000000
9.254 0 0.000000 0 0.000000
9.264 0 0.000000 0 0.000000
9.274 0 0.000000 0 0.000000
9.284 0 0.000000 0 0.000000
9.294 0 0.000000 0 0.000000
9.304 0 0.000000 0 0.000000
9.314 0 0.000000 0 0.000000
9.324 0 0.000000 0 0.000000
9.334 0 0.000000 0 0.000000
9.344 0 0.000000 0 0.000000
9.354 0 0.000000 0 0.000000
9.364 0 0.000000 0 0.000000
9.374 0 0.000000 0 0.000000
9.384 0 0.000000 0 0.000000
9.394 0 0.000000 0 0.000000
9.404 0 0.000000 0 0.000000
9.414 0 0.000000 0 0.000000
9.424 0 0.000000 0 0.000000
9.434 0 0.000000 0 0.000000
9.444 0 0.000000 0 0.000000
9.454 0 0.000000 0 0.000000
9.464 0 0.000000 0 0.000000
9.474 0 0.000000 0 0.000000
9.484 0 0.000000 0 0.000000
9.494 0 0.000000 0 0.000000
9.504 0 0.000000 0 0.000000
9.515 0 0.000000 0 0.000000
9.525 0 0.000000 0 0.000000
9.535 0 0.000000 0 0.000000
9.545 0 0.000000 0 0.000000
9.555 0 0.000000 0 0.000000
9.565 0 0.000000 0 0.000000
9.575 0 0.000000 0 0.000000
9.585 0 0.000000 0 0.000000
9.595 0 0.000000 0 0.000000
9.605 0 0.000000 0 0.000000
9.615 0 0.000000 0 0.000000
9.625 0 0.000000 0 0.000000
9.635 0 0.000000 0 0.000000
9.645 0 0.000000 0 0.000000
9.655 0 0.000000 0 0.000000
9.665 0 0.000000 0 0.000000
9.675 0 0.000000 0 0.000000
9.686 0 0.000000 0 0.000000
9.696 0 0.000000 0 0.000000
9.706 0 0.000000 0 0.000000
9.716 0 0.000000 0 0.000000
9.726 0 0.000000 0 0.000000
9.736 0 0.000000 0 0.000000
9.746 0 0.000000 0 0.000000
9.756 0 0.000000 0 0.000000
9.766 0 0.000000 0 0.000000
9.776 0 0.000000 0 0.000000
9.786 0 0.000000 0 0.000000
9.796 0 0.000000 0 0.000000
9.806 0 0.000000 0 0.000000
9.816 0 0.000000 0 0.000000
9.826 0 0.000000 0 0.000000
9.836 0 0.000000 0 0.000000
9.846 0 0.000000 0 0.000000
9.856 0 0.000000 0 0.000000
9.866 0 0.000000 0 0.000000
9.876 0 0.000000 0 0.000000
9.886 0 0.000000 0 0.000000
9.896 0 0.000000 0 0.000000
9.906 0 0.000000 0 0.000000
9.916 0 0.000000 0 0.000000
9.926 0 0.000000 0 0.000000
9.936 0 0.000000 0 0.000000
9.946 0 0.000000 0 0.000000
9.956 0 0.000000 0 0.000000
9.966 0 0.000000 0 0.000000
9.976 0 0.000000 0 0.000000
9.986 0 0.000000 0 0.000000
9.996 0 0.000000 0 0.000000
